local cheaters = [[
2238472053
2217308452
7595151646
7727115284
8702046850
9347698168
4592427314
2802899298
3325090776
1520180247
418313801
4471170498
8658799005
9369927156
7890949181
4047696170
39185046
7617969277
965259095
8642779407
2711580735
4226241363
5062040749
8597638362
1904086819
3197684544
2512392613
7361441939
4630223381
7238724163
2402628674
1445107674
9001492673
8664534624
1371410281
432800467
8095542401
8179390247
8396603858
1892498732
3271303652
1846838910
1511533742
5123637851
5051269608
7506979804
9258827090
2673310749
7238278618
8884137678
9676607073
3394448100
1384086199
9441154600
531262355
166496418
1926067
9653237186
8836149784
4318719271
2234488173
9648323833
7921392314
7444339816
8519803701
9474880905
9057587134
9598770460
8505024530
584692603
7109804092
9423914265
8945864987
4130482951
8391260473
9701663670
4498010308
9474077391
8126642345
9150292652
8208137879
4979157329
417784276
1895214663
8803848536
9352574390
8116610266
9740453996
8762964613
8650722356
8871358607
7967923552
5166664649
3331066073
214634724
540876030
3847843145
5033811420
5855474751
9021048001
1435907399
7620410091
9714138790
4421984038
8781707310
9752990221
7702172943
2746230924
5113376160
9304225359
8297291532
]]

return cheaters
